9781936806119
9780805005028
9781787139787
9781035031245
9781529152845
9781982191450
9781538767436
9781785789731
9780063356580
9781959030553
9781668065358
9780063337480
9780063286870
9780063360266
9780063280601
9780008626181
9780063014732
9780525539704
9780008507879
9781408715246
9781668022313
9781529433449
9781641296069
9781639365654
9781668030820
9781529917109
9781250835246
9781613164792
9781250853691
9780593546215
9780593723333
9780593546178
9780802160607
9780063316300
9781641294294
9781250887009
9781837932672
9781443462068
9780008454456
9781641292917
9781639361595
9781640095045
9780593499818
9781982136352
9781641292078
9781728234304
9781984881663
9781250779052
9780525540687
9780440000174
9781035031245
9781529152845
9780063356580
9781959030553
9781526670229
9780063320369
9781443462068
9780593713044
9780593597217
9781984881090
9780063415751
9780857528124
9780593556597
9780593358276
9781538702338
9781529031522
9780385545259
9781529075076
9781529431230
9780593128251
9781787637245
9780063326699
9780008456764
9780358673255
9781957514420
9781250826794
9781526619815
9780008381356
9781398720329
9781529088045
9781250213631
9781035011575
9781250855466
9781250812193
9781529051933
9781250275035
9781529095241
9781250816771
9781250213624
9781250267665
9781250880796
9780593598658
9781250229854
9780316425094
9781250269256
9781538767436
9781668017722
9780735247260
9780593817001
9780593723883
9781785789731
9780008445348
9781805303442
9781915590817
9781911630487
9781668038154
9780571374984
9781984879707
9781771647748
9781913068745
9780593242551
9781785789120
9781982177751
9781324064534
9781250790606
9780385546133
9780306924040
9780525555216
9781526640901
9781787333116
9780306873737
9781250798466
9780593188934
9781788166003
9780063320369
9780593639726
9781787637245
9780143136170
9780861547975
9780593723883
9780593484982
9780063288515
9780008614959
9780593833315
9780316540322
9780593444078
9781787334809
9780593597064
9781643753492
9780063381841
9780374609849
9780571374984
9780063031616
9781324076117
9780316267755
9780062977373
9781786581280
9780552173124
9780593134047
9780062931078
9781982116255
9781800750890
9781787473829
9781250194718
9781788165587
9781250153296
9780525509912
9780571359264
9781911709534
9780593544600
9780063317598
9781788166317
9780316507967
9781503638846
9780241680964
9780385548281
9781982195502
9780593652886
9781324074755
9780241525760
9781324074533
9781398700208
9780593654521
9781035002764
9780593238288
9780241356524
9781982167509
9781529345308
9780062979988
9780316451390
9781524746803
9780062867315
9780393541328
9781984879899
9780316423328
9781580059480
9781541736221
9781541762602
9781785789731
9780063288515
9781541703186
9780593136744
9781639733873
9781631496554
9780593297162
9780807093337
9780241284421
9781524746575
9780349701639
9780358251408
9781324020196
9781324035534
9780806539379
9780807033555
9781476786391
9780306903205
9781250301826
9780544911154
9780008673000
9780861547975
9780063318670
9780593484982
9781471411410
9781250869807
9780593651865
9780593698327
9780593623398
9781250766588
9780593481653
9780593463338
9780593563373
9780316592703
9780063045873
9781481431934
9780593482339
9780593527573
9781638930204
9780593307700
9780593479285
9781250866974
9781665901109
9780823450152
9780593427453
9780374389499
9780763692353
9780593568538
9780063239180
9781782693499
9780358655367
9780755500093
9781250820549
9781250800817
9780593180198
9780823447176
9781250866035
9781524718978
9780241512357
9780062872623
9780735231559
9781984815408
9781782693727
9781524718923
9780593564530
9781536222791
9780316669665
9781665947930
9781338896435
9780063342705
9781536231052
9781338736076
9780593326930
9781797219967
9781665936378
9780593618097
9781368089609
9781536226249
9781536229097
9781536232561
9781536219111
9780063221123
9781524764203
9780593323472
9781250852564
9781338801910
9781250281388
9781665929875
9780358659631
9780525580874
9780316541077
9780063080089
9781338574968
9780593533239
9780374390235
9781665928403
9780063216396
9780316486798
9780711265493
9781665912730
9780063069060
9780593352373
9780525555599
9781250174949
9781338801941
9780063056282
9781643750743
9780399545535
9781250823946
9781665900706
9781536217032
9780593324387
9781534499256
9781338789621
9780063084087
9780063208940
9780062915627
9780062975164
9781338680454
9781250269492
9781984814500
9780310767749
9781368051507
9780316453288
9781797202815
9780399549083
9780593121818
9780593176764
9780062915894
9780358272427
9780593206607
9781419756979
9780525554240
9781338245752
9780063003941
9780593110416
9780316539548
9781324005254
9781797219530
9781668002155
9780063327900
9781797215242
9781419771828
9780593236512
9781682688014
9781797218953
9781419770371
9781668009970
9780593236215
9780063244061
9780063277496
9780593235065
9780593578476
9781982177669
9780393541212
9780593138700
9781982176211
9780593232552
9781419744259
9780760372814
9781984858993
9781982167424
9781984859556
9781419753527
9780306923043
9781954210004
9781645673668
9781419758782
9781784884581
9781682686881
9780593233498
9781984858566
9781419740398
9781984825834
9781642505788
9780062802798
9780593137666
9780358362029
9781787136618
9781682686041
9780593138434
9780062854728
9780063079540
9780062984517
9780399580925
9781324003564
9781419747847
9780735224742
9780399581731
9780553448252
9780307271013
9780593157596
9780062820181
9780399581489
9780399580390
9781787134980
9781501194719
9781984824271
9781984824684
9781524732516
9780399582837
9780316423076
9781771645331
9780399582875
9780008445348
9780593472743
9780593655719
9781538722947
9780593852507
9781529092875
9781668059098
9781399804523
9781668038154
9780063157637
9781324074755
9781984879707
9780306826627
9780691221144
9781250270757
9781039003927
9781324064558
9780593542514
9780241398852
9781984879073
9780753553886
9780393867497
9781635571974
9780374228484
9780393882407
9780062968821
9780593183014
9781538719992